# unix_time, cycles_done, cur_path, paths_total, pending_total, pending_favs, map_size, unique_crashes, unique_hangs, max_depth, execs_per_sec
1552574038, 0, 0, 1, 1, 1, 2.85%, 0, 0, 1, 1481.48
1552574044, 0, 0, 39, 39, 1, 3.19%, 0, 5, 2, 91.17
1552574049, 0, 0, 85, 85, 1, 5.74%, 0, 6, 2, 1321.76
1552574054, 0, 2, 109, 108, 78, 5.95%, 0, 6, 3, 1373.84
1552574059, 0, 13, 118, 110, 85, 6.01%, 0, 7, 3, 1593.01
1552574064, 0, 36, 123, 102, 75, 6.31%, 0, 8, 3, 1472.10
1552574070, 0, 47, 126, 96, 69, 6.38%, 0, 10, 3, 1440.00
1552574075, 0, 59, 134, 96, 65, 6.44%, 0, 10, 3, 1315.05
1552574080, 0, 61, 136, 96, 67, 6.44%, 0, 11, 3, 1163.20
1552574085, 0, 65, 144, 101, 64, 6.47%, 0, 11, 3, 122.42
1552574090, 0, 65, 145, 102, 64, 6.47%, 0, 11, 3, 140.09
1552574095, 0, 65, 149, 106, 64, 6.48%, 0, 11, 3, 137.37
1552574100, 0, 65, 150, 107, 64, 6.48%, 0, 11, 3, 145.17
1552574106, 0, 65, 152, 109, 64, 6.54%, 0, 11, 3, 148.27
1552574131, 0, 67, 156, 111, 71, 6.77%, 0, 12, 3, 1427.93
1552574136, 0, 72, 162, 113, 72, 6.84%, 0, 12, 3, 1575.53
1552574141, 0, 82, 167, 108, 70, 6.90%, 0, 12, 3, 1482.36
1552574146, 0, 88, 169, 104, 64, 6.90%, 0, 13, 3, 1244.91
1552574152, 0, 100, 173, 97, 57, 6.92%, 0, 13, 3, 1404.90
1552574157, 0, 112, 174, 86, 45, 6.92%, 0, 13, 4, 1574.12
1552574162, 0, 118, 190, 98, 41, 7.06%, 0, 14, 4, 1584.93
1552574167, 0, 124, 194, 97, 48, 7.06%, 0, 16, 4, 1240.00
1552574172, 0, 138, 200, 93, 41, 7.31%, 0, 16, 4, 1404.09
1552574177, 0, 148, 201, 89, 36, 7.31%, 0, 16, 4, 161.33
1552574182, 0, 152, 207, 92, 35, 7.39%, 0, 16, 4, 1383.87
1552574187, 0, 169, 207, 80, 25, 7.39%, 0, 17, 4, 448.37
1552574192, 0, 174, 213, 82, 24, 7.41%, 0, 17, 5, 1194.86
1552574197, 0, 176, 221, 89, 25, 7.54%, 0, 18, 5, 1551.88
1552574202, 0, 181, 223, 87, 25, 7.63%, 0, 18, 5, 1511.00
1552574207, 0, 192, 227, 87, 23, 7.64%, 0, 18, 5, 1528.21
1552574213, 0, 194, 232, 91, 22, 7.66%, 0, 18, 5, 1420.34
1552574218, 0, 201, 237, 92, 23, 7.71%, 0, 19, 5, 1426.25
1552574223, 0, 202, 239, 93, 25, 7.78%, 0, 19, 5, 1483.57
1552574228, 0, 203, 245, 98, 27, 7.90%, 0, 19, 5, 1418.89
1552574233, 0, 208, 248, 98, 30, 8.09%, 0, 19, 5, 1659.35
1552574238, 0, 219, 254, 98, 29, 8.58%, 0, 19, 6, 1278.11
1552574243, 0, 224, 257, 96, 26, 8.74%, 0, 19, 6, 1464.40
1552574248, 0, 232, 259, 93, 24, 8.76%, 0, 20, 6, 1730.47
1552574254, 0, 240, 262, 90, 19, 8.77%, 0, 20, 6, 1523.78
1552574259, 0, 241, 266, 93, 24, 8.88%, 0, 20, 6, 1262.48
1552574264, 0, 244, 275, 100, 27, 8.94%, 0, 21, 6, 1306.65
1552574269, 0, 248, 285, 107, 26, 9.03%, 0, 21, 7, 1400.64
1552574274, 0, 249, 298, 119, 35, 9.09%, 0, 21, 7, 1344.70
1552574279, 0, 252, 302, 121, 40, 9.18%, 0, 21, 7, 1290.58
1552574285, 0, 253, 306, 124, 41, 9.19%, 0, 22, 7, 229.96
1552574290, 0, 255, 307, 123, 42, 9.20%, 0, 22, 7, 1078.46
1552574295, 0, 257, 310, 124, 40, 9.21%, 0, 23, 7, 1229.20
1552574300, 0, 264, 312, 120, 36, 9.22%, 0, 23, 7, 1599.52
1552574305, 0, 268, 318, 123, 34, 9.25%, 0, 23, 7, 1487.70
1552574310, 0, 278, 322, 121, 32, 9.26%, 0, 23, 8, 1440.87
1552574315, 0, 278, 325, 124, 32, 9.31%, 0, 24, 8, 1399.44
1552574320, 0, 287, 327, 120, 30, 9.58%, 0, 24, 8, 1288.05
1552574325, 0, 297, 330, 116, 26, 9.62%, 0, 24, 8, 1305.28
1552574330, 0, 309, 334, 113, 21, 9.92%, 0, 24, 8, 1302.96
1552574336, 0, 314, 336, 111, 17, 9.93%, 0, 25, 8, 1256.46
1552574341, 0, 315, 342, 116, 17, 10.00%, 0, 25, 8, 1366.15
1552574346, 0, 323, 342, 111, 17, 10.00%, 0, 25, 8, 1331.82
1552574351, 0, 325, 345, 112, 18, 10.05%, 0, 25, 9, 1393.82
1552574356, 0, 328, 350, 114, 18, 11.79%, 0, 26, 9, 732.59
1552574361, 0, 331, 360, 122, 21, 11.85%, 0, 26, 9, 1314.74
1552574366, 0, 332, 364, 125, 28, 11.97%, 0, 26, 9, 1356.41
1552574371, 0, 338, 365, 122, 27, 11.97%, 0, 26, 9, 1507.71
1552574376, 0, 342, 367, 121, 25, 12.15%, 0, 26, 10, 1434.14
1552574381, 0, 342, 372, 126, 25, 12.19%, 0, 27, 10, 1297.43
1552574386, 0, 344, 376, 128, 29, 12.40%, 0, 27, 10, 1336.76
1552574391, 0, 346, 380, 130, 30, 12.41%, 0, 28, 10, 14.41
1552574396, 0, 346, 385, 135, 30, 12.42%, 0, 28, 10, 107.14
1552574401, 0, 346, 386, 136, 30, 12.42%, 0, 28, 10, 111.43
1552574407, 0, 346, 388, 138, 30, 12.42%, 0, 28, 10, 110.78
1552574437, 0, 348, 393, 141, 36, 13.24%, 0, 28, 10, 1527.11
1552574442, 0, 351, 394, 139, 34, 13.26%, 0, 28, 10, 1411.95
1552574447, 0, 355, 398, 140, 32, 13.38%, 0, 28, 10, 1352.55
1552574453, 0, 357, 404, 144, 35, 13.44%, 0, 29, 10, 1262.10
1552574458, 0, 359, 408, 146, 39, 13.47%, 0, 29, 10, 1275.61
1552574464, 0, 363, 411, 145, 37, 13.69%, 0, 30, 10, 247.10
1552574470, 0, 365, 414, 146, 35, 13.71%, 0, 30, 10, 1487.54
1552574475, 0, 368, 421, 150, 40, 13.82%, 0, 30, 11, 1366.07
1552574480, 0, 370, 424, 151, 42, 13.86%, 0, 30, 11, 1384.99
1552574486, 0, 371, 427, 153, 42, 13.89%, 0, 31, 11, 79.29
1552574491, 0, 373, 433, 158, 44, 13.95%, 0, 31, 11, 1390.58
1552574496, 0, 374, 439, 163, 47, 15.95%, 0, 31, 11, 130.03
1552574501, 0, 377, 445, 167, 51, 16.02%, 0, 31, 11, 117.37
1552574506, 0, 377, 456, 178, 51, 16.08%, 0, 31, 11, 115.11
1552574511, 0, 379, 457, 178, 58, 16.08%, 0, 31, 11, 117.59
1552574516, 0, 388, 458, 177, 57, 16.08%, 0, 31, 11, 1544.69
1552574521, 0, 389, 464, 182, 56, 16.25%, 0, 31, 11, 1329.38
1552574526, 0, 391, 465, 182, 60, 16.26%, 0, 32, 11, 1099.78
1552574531, 0, 392, 470, 186, 60, 16.29%, 0, 32, 11, 109.18
1552574536, 0, 392, 474, 190, 60, 16.31%, 0, 32, 11, 110.45
1552574541, 0, 392, 475, 191, 60, 16.31%, 0, 32, 11, 105.88
1552574547, 0, 392, 480, 196, 60, 16.33%, 0, 32, 11, 108.21
1552574552, 0, 392, 483, 199, 60, 16.36%, 0, 32, 11, 116.55
1552574557, 0, 392, 485, 201, 60, 16.37%, 0, 32, 11, 113.30
1552574563, 0, 392, 487, 203, 60, 16.38%, 0, 33, 11, 15.75
1552574568, 0, 392, 490, 206, 60, 16.39%, 0, 33, 11, 117.16
1552574573, 0, 393, 490, 205, 81, 16.39%, 0, 33, 11, 890.96
1552574578, 0, 394, 492, 206, 80, 16.40%, 0, 33, 11, 1216.59
1552574583, 0, 395, 494, 207, 81, 18.01%, 0, 33, 11, 1425.79
1552574588, 0, 397, 496, 207, 80, 18.02%, 0, 33, 11, 1400.77
1552574593, 0, 398, 499, 209, 82, 18.14%, 0, 33, 11, 1391.80
1552574598, 0, 399, 500, 209, 81, 18.15%, 0, 33, 11, 106.07
1552574603, 0, 400, 501, 209, 81, 18.15%, 0, 33, 11, 1435.48
1552574609, 0, 404, 505, 211, 83, 18.19%, 0, 33, 11, 1400.51
1552574614, 0, 405, 509, 214, 82, 18.22%, 0, 33, 11, 1377.09
1552574619, 0, 408, 510, 213, 84, 18.22%, 0, 33, 11, 1417.96
1552574624, 0, 409, 515, 217, 84, 18.24%, 0, 33, 11, 115.29
1552574629, 0, 412, 516, 216, 85, 18.24%, 0, 33, 11, 1273.20
1552574634, 0, 414, 521, 220, 87, 18.53%, 0, 33, 11, 1330.80
1552574639, 0, 415, 524, 222, 89, 18.56%, 0, 34, 11, 1565.93
1552574644, 0, 418, 524, 220, 87, 18.56%, 0, 35, 11, 1419.98
1552574649, 0, 420, 526, 221, 87, 18.57%, 0, 35, 12, 1385.88
1552574655, 0, 423, 527, 220, 85, 18.57%, 0, 35, 12, 1341.59
1552574660, 0, 424, 529, 221, 85, 18.62%, 0, 35, 12, 1394.08
1552574665, 0, 426, 529, 219, 84, 18.62%, 0, 35, 12, 1366.93
1552574670, 0, 428, 532, 221, 83, 18.63%, 0, 35, 12, 973.13
1552574675, 0, 429, 533, 221, 85, 18.63%, 0, 35, 12, 1186.08
1552574680, 0, 430, 533, 220, 85, 18.63%, 0, 35, 12, 103.81
1552574685, 0, 432, 534, 219, 84, 18.64%, 0, 35, 12, 1457.30
1552574690, 0, 433, 535, 219, 84, 18.65%, 0, 35, 12, 124.10
1552574695, 0, 433, 541, 225, 84, 18.68%, 0, 35, 12, 138.00
1552574705, 0, 433, 543, 227, 84, 18.68%, 0, 35, 12, 141.71
1552574711, 0, 433, 544, 228, 84, 18.68%, 0, 35, 12, 145.67
1552574721, 0, 433, 545, 229, 84, 18.68%, 0, 35, 12, 143.40
1552574726, 0, 439, 548, 230, 91, 18.75%, 0, 35, 12, 1738.58
1552574731, 0, 440, 550, 231, 93, 18.77%, 0, 35, 12, 1471.33
1552574736, 0, 443, 551, 230, 92, 18.77%, 0, 36, 12, 111.84
1552574741, 0, 445, 553, 231, 92, 19.01%, 0, 36, 12, 114.46
1552574746, 0, 446, 553, 230, 92, 19.01%, 0, 36, 12, 124.37
1552574751, 0, 447, 554, 230, 91, 19.01%, 0, 36, 12, 126.01
1552574756, 0, 449, 555, 230, 90, 19.01%, 0, 36, 12, 115.51
1552574761, 0, 452, 556, 230, 90, 19.01%, 0, 36, 12, 116.64
1552574767, 0, 454, 556, 228, 88, 19.01%, 0, 36, 12, 121.71
1552574772, 0, 456, 557, 228, 87, 19.01%, 0, 36, 12, 117.74
1552574777, 0, 457, 558, 228, 87, 19.02%, 0, 36, 12, 1287.44
1552574782, 0, 459, 559, 227, 86, 19.02%, 0, 36, 12, 1381.79
1552574787, 0, 460, 560, 227, 85, 19.02%, 0, 36, 12, 1349.38
1552574792, 0, 462, 561, 226, 85, 19.03%, 0, 36, 12, 1300.51
1552574797, 0, 463, 562, 226, 84, 19.05%, 0, 37, 12, 1208.53
1552574802, 0, 466, 564, 226, 84, 19.16%, 0, 37, 12, 244.98
1552574807, 0, 467, 564, 225, 83, 19.16%, 0, 37, 12, 145.49
1552574812, 0, 468, 567, 227, 84, 19.23%, 0, 37, 12, 117.08
1552574817, 0, 469, 568, 227, 85, 19.24%, 0, 37, 12, 116.54
1552574823, 0, 470, 568, 226, 84, 19.24%, 0, 37, 12, 115.42
1552574828, 0, 473, 571, 227, 84, 19.24%, 0, 37, 12, 115.92
1552574833, 0, 474, 571, 226, 83, 19.24%, 0, 37, 12, 114.41
1552574838, 0, 475, 572, 226, 82, 19.25%, 0, 37, 12, 118.76
1552574843, 0, 476, 575, 228, 83, 19.28%, 0, 37, 12, 117.64
1552574848, 0, 477, 575, 227, 83, 19.28%, 0, 37, 12, 122.00
1552574853, 0, 478, 575, 226, 82, 19.28%, 0, 37, 12, 122.65
1552574858, 0, 480, 578, 227, 83, 19.39%, 0, 37, 12, 120.76
1552574863, 0, 481, 579, 227, 82, 19.41%, 0, 37, 12, 109.61
1552574868, 0, 482, 579, 226, 82, 19.41%, 0, 37, 12, 119.47
1552574873, 0, 483, 579, 225, 81, 19.41%, 0, 37, 12, 121.38
1552574878, 0, 484, 581, 226, 81, 19.43%, 0, 37, 12, 114.99
1552574883, 0, 487, 582, 225, 80, 19.45%, 0, 37, 12, 120.15
1552574894, 0, 488, 583, 225, 79, 19.45%, 0, 37, 12, 117.69
1552574904, 0, 489, 583, 224, 79, 19.45%, 0, 37, 12, 117.44
1552574914, 0, 492, 587, 226, 77, 19.45%, 0, 37, 12, 101.69
1552574919, 0, 492, 590, 229, 77, 19.46%, 0, 37, 12, 113.31
1552574924, 0, 492, 591, 230, 77, 19.46%, 0, 37, 12, 120.72
1552574934, 0, 492, 592, 231, 77, 19.46%, 0, 37, 12, 120.84
1552574944, 0, 492, 593, 232, 77, 19.53%, 0, 37, 12, 127.43
1552574949, 0, 492, 595, 234, 77, 19.54%, 0, 37, 12, 121.98
1552574955, 0, 495, 596, 233, 81, 19.56%, 0, 37, 12, 968.82
1552574960, 0, 496, 596, 232, 80, 19.56%, 0, 37, 12, 1179.91
1552574965, 0, 498, 596, 230, 78, 19.56%, 0, 37, 12, 1180.12
1552574970, 0, 501, 596, 228, 76, 19.56%, 0, 37, 12, 1264.36
1552574975, 0, 502, 597, 228, 75, 19.60%, 0, 37, 12, 1363.81
1552574980, 0, 504, 600, 229, 75, 19.60%, 0, 38, 12, 1428.01
1552574985, 0, 506, 601, 229, 75, 19.62%, 0, 39, 12, 1176.57
1552574990, 0, 507, 602, 229, 76, 19.62%, 0, 39, 12, 112.61
1552574995, 0, 508, 605, 231, 75, 19.64%, 0, 39, 12, 120.53
1552575001, 0, 510, 606, 230, 77, 19.66%, 0, 39, 12, 1344.05
1552575006, 0, 513, 610, 232, 77, 19.84%, 0, 39, 12, 1409.92
1552575011, 0, 514, 611, 232, 79, 19.86%, 0, 39, 12, 1377.56
1552575016, 0, 518, 611, 230, 77, 19.86%, 0, 39, 12, 1408.26
1552575021, 0, 519, 620, 238, 80, 19.96%, 0, 39, 12, 1420.29
1552575026, 0, 520, 621, 238, 84, 19.97%, 0, 39, 12, 114.81
1552575036, 0, 521, 623, 239, 85, 20.13%, 0, 39, 12, 1521.05
1552575042, 0, 523, 624, 238, 84, 20.14%, 0, 39, 12, 1453.91
1552575047, 0, 523, 626, 240, 84, 21.66%, 0, 39, 12, 106.26
1552575052, 0, 524, 632, 245, 86, 23.16%, 0, 39, 13, 1071.15
1552575057, 0, 526, 633, 245, 89, 23.16%, 0, 39, 13, 1313.24
1552575062, 0, 529, 633, 243, 88, 23.16%, 0, 39, 13, 1351.15
1552575067, 0, 531, 634, 242, 86, 23.16%, 0, 39, 13, 1377.48
1552575072, 0, 533, 635, 241, 85, 23.16%, 0, 39, 13, 1337.90
1552575077, 0, 534, 636, 241, 85, 23.28%, 0, 39, 13, 810.00
1552575082, 0, 535, 638, 242, 85, 23.39%, 0, 39, 13, 1214.12
1552575087, 0, 537, 639, 242, 86, 23.41%, 0, 39, 13, 147.62
1552575092, 0, 537, 641, 244, 86, 23.58%, 0, 39, 13, 141.65
1552575107, 0, 538, 645, 247, 88, 23.61%, 0, 39, 13, 1417.12
1552575112, 0, 540, 647, 247, 89, 23.61%, 0, 39, 13, 149.51
1552575118, 0, 541, 652, 251, 92, 23.87%, 0, 39, 13, 1341.06
1552575123, 0, 543, 653, 251, 93, 23.87%, 0, 39, 13, 1416.89
1552575128, 0, 544, 654, 251, 92, 25.59%, 0, 39, 13, 121.07
1552575133, 0, 544, 655, 252, 92, 25.61%, 0, 39, 13, 138.99
1552575138, 0, 544, 656, 253, 92, 25.63%, 0, 39, 13, 139.68
1552575143, 0, 544, 658, 255, 92, 25.63%, 0, 39, 13, 149.89
1552575158, 0, 544, 662, 259, 92, 25.67%, 0, 39, 13, 136.02
1552575163, 0, 546, 663, 259, 98, 25.67%, 0, 39, 13, 1346.88
1552575168, 0, 547, 665, 260, 97, 25.68%, 0, 39, 13, 1439.86
1552575173, 0, 550, 666, 259, 97, 25.68%, 0, 39, 13, 1420.83
1552575178, 0, 551, 669, 261, 97, 25.68%, 0, 39, 13, 117.77
1552575184, 0, 551, 670, 262, 97, 25.69%, 0, 39, 13, 111.69
1552575189, 0, 555, 670, 261, 97, 25.69%, 0, 39, 13, 107.43
1552575194, 0, 556, 670, 260, 96, 25.69%, 0, 39, 13, 115.05
1552575199, 0, 556, 671, 261, 96, 25.70%, 0, 39, 13, 130.54
1552575204, 0, 559, 671, 259, 95, 25.70%, 0, 39, 13, 254.90
1552575209, 0, 561, 674, 260, 94, 25.70%, 0, 39, 13, 1451.11
1552575214, 0, 561, 682, 268, 94, 25.81%, 0, 39, 13, 130.69
1552575219, 0, 562, 687, 272, 98, 25.84%, 0, 39, 13, 128.94
1552575224, 0, 564, 687, 270, 99, 25.84%, 0, 40, 13, 1390.53
1552575234, 0, 565, 687, 269, 98, 25.84%, 0, 40, 13, 120.32
1552575240, 0, 566, 688, 269, 97, 25.84%, 0, 40, 13, 120.95
1552575250, 0, 567, 688, 268, 96, 25.84%, 0, 40, 13, 118.03
1552575255, 0, 568, 688, 267, 95, 25.84%, 0, 40, 13, 122.15
1552575265, 0, 569, 688, 266, 94, 25.84%, 0, 40, 13, 113.39
1552575270, 0, 571, 689, 266, 94, 25.85%, 0, 40, 13, 125.17
1552575275, 0, 571, 690, 267, 94, 25.85%, 0, 40, 13, 116.77
1552575285, 0, 573, 692, 268, 93, 25.85%, 0, 40, 13, 116.74
1552575305, 0, 573, 694, 270, 93, 25.86%, 0, 40, 13, 110.24
1552575310, 0, 573, 695, 271, 93, 26.14%, 0, 40, 13, 114.43
1552575326, 0, 574, 695, 270, 95, 26.14%, 0, 40, 13, 116.36
1552575336, 0, 575, 696, 270, 94, 26.14%, 0, 40, 13, 115.52
1552575346, 0, 576, 696, 269, 93, 26.14%, 0, 40, 13, 111.62
1552575351, 0, 576, 697, 270, 93, 26.15%, 0, 41, 13, 134.23
1552575356, 0, 576, 699, 272, 93, 26.15%, 0, 41, 13, 116.82
1552575361, 0, 576, 700, 273, 93, 26.21%, 0, 41, 13, 114.63
1552575366, 0, 576, 701, 274, 93, 26.21%, 0, 41, 13, 118.68
1552575372, 0, 576, 703, 276, 93, 26.21%, 0, 41, 13, 116.43
1552575377, 0, 576, 705, 278, 93, 26.24%, 0, 41, 13, 116.64
1552575392, 0, 577, 706, 278, 96, 26.24%, 0, 41, 13, 110.90
1552575402, 0, 578, 707, 278, 95, 26.25%, 0, 41, 13, 117.93
1552575412, 0, 579, 710, 280, 96, 26.25%, 0, 41, 13, 114.53
1552575417, 0, 579, 711, 281, 96, 26.83%, 0, 41, 13, 117.58
1552575427, 0, 579, 713, 283, 96, 26.86%, 0, 41, 13, 117.40
1552575458, 0, 580, 716, 285, 99, 26.88%, 0, 41, 13, 115.25
1552575468, 0, 580, 717, 286, 99, 26.88%, 0, 41, 13, 115.23
1552575478, 0, 580, 718, 287, 99, 26.98%, 0, 41, 13, 112.33
1552575483, 0, 580, 719, 288, 99, 26.99%, 0, 41, 13, 117.05
1552575493, 0, 580, 720, 289, 99, 26.99%, 0, 41, 13, 118.47
1552575498, 0, 581, 720, 288, 102, 26.99%, 0, 41, 13, 116.57
1552575503, 0, 582, 720, 287, 101, 26.99%, 0, 41, 13, 133.58
1552575509, 0, 582, 721, 288, 101, 27.00%, 0, 41, 13, 113.69
1552575514, 0, 582, 722, 289, 101, 27.00%, 0, 41, 13, 111.54
1552575529, 0, 585, 722, 288, 102, 27.00%, 0, 41, 13, 119.01
1552575534, 0, 588, 728, 293, 105, 27.18%, 0, 41, 13, 126.49
1552575539, 0, 588, 730, 295, 105, 27.18%, 0, 41, 13, 118.00
1552575554, 0, 588, 732, 297, 105, 27.21%, 0, 41, 13, 124.02
1552575559, 0, 588, 733, 298, 105, 27.47%, 0, 41, 13, 116.63
1552575564, 0, 588, 734, 299, 105, 27.47%, 0, 41, 13, 120.27
1552575574, 0, 588, 736, 301, 105, 27.64%, 0, 41, 13, 120.74
1552575580, 0, 591, 737, 301, 110, 27.66%, 0, 41, 13, 119.09
1552575585, 0, 592, 738, 301, 109, 27.67%, 0, 41, 13, 133.04
1552575595, 0, 592, 739, 302, 109, 27.68%, 0, 41, 13, 123.45
1552575605, 0, 592, 739, 302, 109, 27.68%, 0, 42, 13, 13.50
1552575610, 0, 593, 740, 302, 112, 27.71%, 0, 43, 13, 116.68
1552575615, 0, 595, 740, 301, 111, 27.71%, 0, 43, 13, 1090.39
1552575620, 0, 596, 741, 301, 110, 27.72%, 0, 43, 13, 1287.71
1552575626, 0, 597, 742, 301, 110, 27.74%, 0, 43, 13, 1245.27
1552575631, 0, 600, 743, 300, 109, 27.74%, 0, 43, 13, 1415.66
1552575636, 0, 602, 744, 299, 109, 27.75%, 0, 43, 13, 1308.85
1552575641, 0, 603, 747, 301, 109, 27.77%, 0, 43, 13, 1347.37
1552575646, 0, 603, 754, 308, 109, 29.24%, 0, 43, 13, 112.79
1552575651, 0, 605, 756, 309, 111, 29.25%, 0, 43, 13, 1331.42
1552575656, 0, 607, 758, 309, 110, 29.25%, 0, 44, 13, 1392.16
1552575661, 0, 608, 760, 310, 112, 29.25%, 0, 44, 13, 900.04
1552575666, 0, 610, 760, 308, 110, 29.25%, 0, 44, 13, 1388.29
1552575671, 0, 612, 763, 309, 110, 29.27%, 0, 44, 13, 1362.97
1552575676, 0, 613, 767, 312, 111, 29.28%, 0, 44, 13, 1321.51
1552575681, 0, 615, 771, 314, 111, 29.32%, 0, 44, 13, 1321.15
1552575686, 0, 616, 772, 314, 113, 29.33%, 0, 44, 13, 1379.82
1552575692, 0, 618, 772, 312, 112, 29.33%, 0, 44, 13, 1210.31
1552575697, 0, 620, 778, 317, 112, 29.47%, 0, 45, 13, 111.73
1552575707, 0, 620, 781, 320, 112, 29.56%, 0, 45, 13, 111.28
1552575712, 0, 621, 783, 321, 116, 29.57%, 0, 45, 13, 117.00
1552575717, 0, 621, 786, 324, 116, 29.59%, 0, 45, 13, 112.63
1552575722, 0, 621, 789, 327, 116, 29.60%, 0, 45, 13, 114.87
1552575732, 0, 621, 792, 330, 116, 29.62%, 0, 45, 13, 112.53
1552575737, 0, 621, 793, 331, 116, 29.63%, 0, 45, 13, 115.73
1552575742, 0, 621, 795, 333, 116, 29.66%, 0, 45, 13, 118.12
1552575748, 0, 621, 796, 334, 116, 29.66%, 0, 45, 13, 112.48
1552575753, 0, 621, 798, 336, 116, 29.68%, 0, 45, 13, 113.76
1552575758, 0, 623, 799, 335, 128, 29.68%, 0, 45, 13, 1578.04
1552575763, 0, 625, 801, 336, 128, 29.70%, 0, 45, 13, 129.91
1552575768, 0, 625, 803, 338, 128, 29.70%, 0, 45, 13, 140.81
1552575773, 0, 625, 804, 339, 128, 29.97%, 0, 45, 13, 144.88
1552575778, 0, 625, 805, 340, 128, 29.97%, 0, 45, 13, 141.22
1552575783, 0, 625, 806, 341, 128, 29.99%, 0, 45, 13, 149.70
1552575788, 0, 625, 807, 342, 128, 30.00%, 0, 45, 13, 142.10
1552575799, 0, 626, 807, 341, 130, 30.00%, 0, 45, 13, 143.14
1552575804, 0, 628, 807, 340, 129, 30.00%, 0, 45, 13, 146.11
1552575809, 0, 630, 810, 341, 127, 30.00%, 0, 45, 14, 144.54
1552575814, 0, 630, 812, 343, 127, 30.00%, 0, 45, 14, 141.26
1552575820, 0, 630, 812, 343, 127, 30.00%, 0, 46, 14, 8.49
1552575830, 0, 630, 813, 344, 127, 30.00%, 0, 46, 14, 149.66
1552575845, 0, 632, 815, 345, 128, 30.02%, 0, 47, 14, 1312.70
1552575850, 0, 633, 817, 346, 131, 30.03%, 0, 47, 14, 1419.17
1552575855, 0, 635, 817, 344, 129, 30.03%, 0, 47, 14, 982.92
1552575861, 0, 635, 824, 351, 129, 30.11%, 0, 47, 14, 132.69
1552575866, 0, 637, 833, 358, 139, 30.59%, 0, 47, 14, 867.55
1552575871, 0, 638, 834, 358, 138, 30.59%, 0, 47, 14, 1044.34
1552575876, 0, 639, 835, 358, 138, 30.60%, 0, 47, 14, 1209.53
1552575882, 0, 640, 838, 360, 138, 30.61%, 0, 48, 14, 151.59
1552575887, 0, 641, 839, 360, 139, 30.62%, 0, 48, 14, 104.71
1552575892, 0, 643, 841, 361, 138, 30.65%, 0, 48, 14, 111.23
1552575897, 0, 644, 842, 361, 138, 30.66%, 0, 48, 14, 1465.40
1552575902, 0, 646, 842, 359, 137, 30.66%, 0, 48, 14, 1361.18
1552575907, 0, 647, 852, 368, 137, 30.68%, 0, 49, 14, 1755.00
1552575912, 0, 648, 855, 370, 142, 30.74%, 0, 49, 14, 973.15
1552575917, 0, 649, 859, 373, 143, 30.79%, 0, 49, 14, 1295.86
1552575922, 0, 652, 859, 372, 144, 30.79%, 0, 49, 14, 645.09
1552575927, 0, 653, 865, 377, 143, 30.82%, 0, 50, 14, 169.21
1552575937, 0, 653, 865, 377, 143, 30.82%, 0, 51, 14, 136.99
1552575942, 0, 653, 866, 378, 143, 30.83%, 0, 51, 14, 145.71
1552575948, 0, 653, 868, 380, 143, 30.83%, 0, 51, 14, 144.47
1552575953, 0, 653, 871, 383, 143, 30.85%, 0, 51, 14, 140.43
1552575958, 0, 653, 873, 385, 143, 30.85%, 0, 51, 14, 140.45
1552575963, 0, 655, 873, 383, 153, 30.85%, 0, 51, 14, 1230.72
1552575968, 0, 657, 874, 382, 152, 30.87%, 0, 51, 14, 1309.40
1552575973, 0, 658, 874, 381, 151, 30.87%, 0, 51, 14, 149.85
1552575978, 0, 659, 874, 380, 150, 30.87%, 0, 51, 14, 115.30
1552575983, 0, 660, 874, 379, 149, 30.87%, 0, 51, 14, 143.05
1552575988, 0, 661, 875, 379, 148, 30.87%, 0, 51, 14, 144.48
1552575999, 0, 664, 876, 378, 147, 30.88%, 0, 51, 14, 1466.23
1552576004, 0, 665, 877, 378, 148, 30.89%, 0, 51, 14, 1299.34
1552576009, 0, 669, 878, 378, 147, 30.90%, 0, 51, 14, 145.86
1552576019, 0, 670, 879, 378, 148, 30.91%, 0, 51, 14, 117.30
1552576024, 0, 671, 880, 378, 147, 30.92%, 0, 52, 14, 1184.87
1552576029, 0, 672, 884, 381, 151, 30.98%, 0, 52, 14, 1235.97
1552576035, 0, 673, 884, 380, 150, 30.98%, 0, 53, 14, 1337.45
1552576040, 0, 673, 888, 384, 150, 31.22%, 0, 54, 14, 104.87
1552576045, 0, 674, 889, 384, 152, 31.22%, 0, 54, 14, 148.30
1552576050, 0, 678, 892, 386, 151, 31.23%, 0, 55, 14, 1400.33
1552576055, 0, 679, 894, 387, 153, 31.25%, 0, 55, 14, 141.06
1552576060, 0, 679, 895, 388, 153, 31.25%, 0, 55, 14, 142.71
1552576065, 0, 679, 896, 389, 153, 31.25%, 0, 55, 14, 144.51
1552576076, 0, 682, 899, 391, 153, 31.26%, 0, 55, 14, 1183.68
1552576081, 0, 684, 901, 392, 154, 31.32%, 0, 55, 14, 1285.33
1552576086, 0, 688, 904, 393, 156, 31.43%, 0, 55, 14, 105.11
1552576096, 0, 690, 904, 392, 155, 31.43%, 0, 55, 14, 116.68
1552576101, 0, 693, 905, 392, 154, 31.43%, 0, 55, 14, 112.29
1552576111, 0, 697, 905, 391, 153, 31.43%, 0, 55, 14, 119.32
1552576116, 0, 699, 905, 390, 152, 31.43%, 0, 55, 14, 117.25
1552576122, 0, 702, 905, 389, 151, 31.43%, 0, 56, 14, 123.71
1552576127, 0, 702, 906, 390, 151, 31.43%, 0, 56, 14, 104.11
1552576132, 0, 702, 907, 391, 151, 31.43%, 0, 56, 14, 103.63
1552576137, 0, 702, 908, 392, 151, 31.43%, 0, 56, 14, 97.21
1552576148, 0, 702, 909, 393, 151, 31.43%, 0, 56, 14, 101.09
1552576163, 0, 702, 910, 394, 151, 31.61%, 0, 56, 14, 101.75
1552576168, 0, 702, 911, 395, 151, 31.61%, 0, 56, 14, 100.25
1552576173, 0, 703, 911, 394, 154, 31.61%, 0, 56, 14, 111.72
1552576178, 0, 703, 912, 395, 154, 31.61%, 0, 56, 14, 114.04
1552576188, 0, 704, 912, 394, 154, 31.61%, 0, 56, 14, 117.27
1552576194, 0, 704, 922, 404, 154, 31.85%, 0, 56, 14, 109.18
1552576199, 0, 706, 922, 403, 159, 31.85%, 0, 56, 14, 114.57
1552576204, 0, 707, 922, 402, 158, 31.85%, 0, 56, 14, 120.37
1552576209, 0, 709, 922, 401, 157, 31.85%, 0, 56, 14, 124.48
1552576214, 0, 710, 923, 401, 156, 31.86%, 0, 56, 14, 143.60
1552576219, 0, 710, 947, 425, 156, 32.50%, 0, 58, 14, 1388.25
1552576224, 0, 711, 951, 428, 174, 32.51%, 0, 58, 14, 119.37
1552576229, 0, 711, 952, 429, 174, 32.51%, 0, 58, 14, 124.06
1552576234, 0, 712, 952, 428, 174, 32.51%, 0, 58, 14, 119.22
1552576239, 0, 713, 952, 427, 173, 32.51%, 0, 58, 14, 115.34
1552576244, 0, 714, 952, 426, 172, 32.51%, 0, 58, 14, 116.01
1552576249, 0, 717, 952, 425, 171, 32.51%, 0, 58, 14, 116.53
1552576255, 0, 718, 952, 424, 170, 32.51%, 0, 58, 14, 113.57
1552576265, 0, 720, 952, 423, 169, 32.51%, 0, 58, 14, 113.71
1552576270, 0, 721, 952, 422, 168, 32.51%, 0, 58, 14, 112.44
1552576275, 0, 724, 952, 421, 167, 32.51%, 0, 58, 14, 119.79
1552576280, 0, 725, 953, 421, 166, 32.51%, 0, 58, 14, 123.15
1552576285, 0, 725, 954, 422, 166, 32.52%, 0, 58, 14, 120.99
1552576290, 0, 725, 956, 424, 166, 32.55%, 0, 58, 14, 115.47
1552576295, 0, 726, 960, 427, 171, 32.57%, 0, 58, 14, 113.83
1552576300, 0, 727, 960, 426, 170, 32.57%, 0, 58, 14, 125.62
1552576305, 0, 727, 961, 427, 170, 32.57%, 0, 58, 14, 120.29
1552576310, 0, 727, 962, 428, 170, 32.58%, 0, 58, 14, 119.06
1552576315, 0, 728, 962, 427, 171, 32.58%, 0, 58, 14, 122.20
1552576321, 0, 731, 962, 426, 170, 32.58%, 0, 58, 14, 125.69
1552576326, 0, 732, 963, 426, 169, 32.58%, 0, 58, 14, 124.62
1552576336, 0, 733, 964, 426, 169, 32.60%, 0, 58, 14, 112.40
1552576341, 0, 733, 966, 428, 169, 32.62%, 0, 58, 14, 121.19
1552576346, 0, 736, 966, 427, 169, 32.62%, 0, 58, 14, 114.12
1552576351, 0, 737, 967, 427, 169, 32.63%, 0, 58, 14, 117.29
1552576356, 0, 737, 968, 428, 169, 32.64%, 0, 58, 14, 116.95
1552576361, 0, 740, 968, 426, 167, 32.64%, 0, 58, 14, 1279.66
1552576366, 0, 742, 969, 425, 165, 32.79%, 0, 58, 14, 95.09
1552576371, 0, 743, 970, 425, 165, 32.79%, 0, 58, 14, 1447.93
1552576377, 0, 744, 970, 424, 164, 32.79%, 0, 59, 14, 27.00
1552576382, 0, 750, 972, 424, 162, 32.79%, 0, 59, 14, 135.06
1552576387, 0, 750, 973, 425, 162, 32.79%, 0, 60, 14, 136.82
1552576392, 0, 750, 973, 425, 162, 32.79%, 0, 62, 14, 167.04
1552576397, 0, 750, 974, 426, 162, 32.79%, 0, 62, 14, 144.97
1552576402, 0, 750, 976, 428, 162, 32.79%, 0, 62, 14, 140.89
1552576423, 0, 751, 977, 428, 164, 32.79%, 0, 62, 14, 149.70
1552576428, 0, 755, 977, 427, 164, 32.79%, 0, 62, 14, 1168.43
1552576433, 0, 757, 978, 427, 163, 32.80%, 0, 62, 14, 173.18
1552576438, 0, 758, 978, 426, 163, 32.80%, 0, 63, 14, 1157.10
1552576443, 0, 761, 979, 425, 162, 32.80%, 0, 63, 14, 1392.89
1552576448, 0, 764, 980, 424, 160, 32.80%, 0, 63, 14, 1222.92
1552576453, 0, 765, 981, 424, 159, 32.80%, 0, 63, 14, 1368.75
1552576459, 0, 766, 983, 425, 159, 32.81%, 0, 63, 14, 1300.49
1552576464, 0, 767, 986, 427, 159, 32.83%, 0, 63, 14, 1459.60
1552576469, 0, 768, 987, 427, 161, 32.95%, 0, 63, 14, 1313.62
1552576474, 0, 770, 989, 427, 161, 32.99%, 0, 63, 14, 1378.31
1552576479, 0, 771, 989, 426, 161, 32.99%, 0, 63, 14, 1463.96
1552576484, 0, 775, 992, 427, 159, 32.99%, 0, 63, 14, 1479.76
1552576489, 0, 777, 994, 428, 159, 33.00%, 0, 63, 14, 113.70
1552576494, 0, 779, 994, 427, 158, 33.00%, 0, 63, 14, 113.20
1552576499, 0, 779, 994, 427, 158, 33.00%, 0, 64, 14, 110.52
1552576504, 0, 781, 994, 426, 157, 33.00%, 0, 64, 14, 116.05
1552576509, 0, 781, 995, 427, 157, 33.02%, 0, 64, 14, 122.02
1552576514, 0, 782, 995, 426, 157, 33.02%, 0, 64, 14, 116.68
1552576519, 0, 783, 997, 427, 157, 33.04%, 0, 64, 14, 121.94
1552576524, 0, 783, 998, 428, 157, 33.04%, 0, 64, 14, 118.18
1552576540, 0, 784, 998, 427, 157, 33.04%, 0, 64, 14, 113.80
1552576550, 0, 785, 998, 426, 156, 33.04%, 0, 64, 14, 111.34
1552576555, 0, 786, 999, 426, 156, 33.04%, 0, 64, 14, 122.87
1552576560, 0, 786, 1000, 427, 156, 33.04%, 0, 64, 14, 111.92
1552576570, 0, 788, 1001, 427, 156, 33.04%, 0, 64, 14, 109.38
1552576580, 0, 789, 1001, 426, 155, 33.04%, 0, 64, 14, 115.41
1552576585, 0, 791, 1001, 425, 154, 33.04%, 0, 64, 14, 127.87
1552576590, 0, 792, 1001, 424, 153, 33.04%, 0, 64, 14, 139.72
1552576600, 0, 793, 1001, 423, 152, 33.04%, 0, 64, 14, 119.03
1552576605, 0, 793, 1002, 424, 152, 33.05%, 0, 64, 14, 112.87
1552576610, 0, 794, 1002, 423, 152, 33.05%, 0, 64, 14, 127.32
1552576621, 0, 796, 1003, 423, 151, 33.06%, 0, 64, 14, 115.30
1552576631, 0, 797, 1004, 423, 151, 33.07%, 0, 64, 14, 116.03
1552576641, 0, 798, 1004, 422, 150, 33.07%, 0, 64, 14, 122.98
1552576646, 0, 803, 1006, 421, 147, 33.09%, 0, 64, 14, 1260.25
1552576651, 0, 803, 1007, 422, 147, 33.09%, 0, 64, 14, 110.44
1552576672, 0, 805, 1010, 424, 146, 33.11%, 0, 64, 14, 120.63
1552576677, 0, 806, 1019, 432, 151, 34.74%, 0, 65, 14, 1827.72
1552576682, 0, 810, 1019, 431, 150, 34.74%, 0, 65, 14, 122.62
1552576687, 0, 810, 1020, 432, 150, 34.74%, 0, 66, 15, 117.55
1552576698, 0, 813, 1021, 431, 149, 34.74%, 0, 67, 15, 29.27
1552576703, 0, 813, 1022, 432, 149, 34.74%, 0, 67, 15, 1061.62
1552576708, 0, 815, 1023, 431, 147, 34.74%, 0, 67, 15, 1499.84
1552576713, 0, 817, 1024, 431, 146, 34.75%, 0, 67, 15, 1269.84
1552576718, 0, 817, 1028, 435, 146, 34.89%, 0, 68, 15, 139.84
1552576723, 0, 818, 1031, 437, 149, 34.90%, 0, 68, 15, 148.73
1552576728, 0, 818, 1032, 438, 149, 34.90%, 0, 68, 15, 136.75
1552576733, 0, 818, 1033, 439, 149, 34.91%, 0, 68, 15, 143.81
1552576744, 0, 818, 1034, 440, 149, 34.92%, 0, 68, 15, 141.45
1552576749, 0, 818, 1035, 441, 149, 34.92%, 0, 68, 15, 137.94
1552576759, 0, 818, 1037, 443, 149, 34.92%, 0, 68, 15, 149.62
1552576764, 0, 822, 1039, 444, 154, 34.93%, 0, 68, 15, 126.77
1552576769, 0, 822, 1041, 446, 154, 34.95%, 0, 68, 15, 142.12
1552576779, 0, 822, 1043, 448, 154, 36.45%, 0, 68, 15, 136.26
1552576785, 0, 822, 1044, 449, 154, 36.46%, 0, 68, 15, 136.64
1552576795, 0, 822, 1045, 450, 154, 36.48%, 0, 68, 15, 142.28
1552576805, 0, 822, 1045, 450, 154, 36.48%, 0, 69, 15, 140.13
1552576815, 0, 825, 1048, 451, 158, 36.50%, 0, 69, 15, 1419.72
1552576820, 0, 825, 1058, 461, 158, 36.56%, 0, 69, 15, 106.23
1552576826, 0, 827, 1059, 460, 167, 36.56%, 0, 69, 15, 1308.70
1552576831, 0, 829, 1061, 461, 168, 36.58%, 0, 69, 15, 1405.40
1552576836, 0, 829, 1064, 464, 168, 36.60%, 0, 69, 15, 1421.33
1552576841, 0, 830, 1065, 464, 170, 36.60%, 0, 69, 15, 1436.33
1552576846, 0, 831, 1072, 470, 170, 36.62%, 0, 70, 15, 1120.43
1552576851, 0, 831, 1076, 474, 170, 36.63%, 0, 70, 15, 922.67
1552576856, 0, 833, 1081, 477, 176, 36.70%, 0, 70, 15, 1270.54
1552576861, 0, 834, 1081, 476, 175, 36.70%, 0, 70, 15, 1093.57
1552576866, 0, 835, 1082, 476, 174, 36.70%, 0, 70, 15, 1267.77
1552576872, 0, 838, 1086, 479, 173, 36.76%, 0, 70, 15, 1330.24
1552576877, 0, 839, 1088, 480, 177, 36.80%, 0, 70, 15, 982.87
1552576882, 0, 840, 1088, 479, 176, 36.80%, 0, 70, 15, 126.35
1552576892, 0, 841, 1089, 479, 175, 36.80%, 0, 70, 15, 1218.06
1552576897, 0, 843, 1091, 480, 175, 36.87%, 0, 70, 15, 1125.70
1552576902, 0, 844, 1092, 480, 175, 36.87%, 0, 70, 15, 1309.91
1552576907, 0, 845, 1092, 479, 175, 36.87%, 0, 70, 15, 1399.94
1552576912, 0, 848, 1093, 478, 173, 36.87%, 0, 70, 15, 1304.09
1552576917, 0, 848, 1094, 479, 173, 36.88%, 0, 71, 15, 1209.05
1552576923, 0, 849, 1094, 478, 174, 36.88%, 0, 71, 15, 1110.38
1552576928, 0, 850, 1094, 477, 173, 36.88%, 0, 71, 15, 1448.49
1552576933, 0, 852, 1096, 478, 172, 36.89%, 0, 71, 15, 1292.90
1552576938, 0, 854, 1096, 477, 172, 36.89%, 0, 71, 15, 1091.37
1552576943, 0, 855, 1097, 477, 172, 36.89%, 0, 72, 15, 1399.44
1552576948, 0, 857, 1098, 477, 171, 36.89%, 0, 72, 15, 1259.23
1552576953, 0, 857, 1100, 479, 171, 37.02%, 0, 72, 15, 101.32
1552576958, 0, 859, 1100, 477, 171, 37.02%, 0, 72, 15, 1209.94
1552576963, 0, 860, 1100, 476, 170, 37.02%, 0, 72, 15, 1074.64
1552576968, 0, 860, 1103, 479, 170, 37.03%, 0, 72, 15, 166.37
1552576973, 0, 864, 1105, 479, 169, 37.03%, 0, 72, 15, 1387.62
1552576979, 0, 865, 1105, 478, 169, 37.03%, 0, 72, 15, 1336.68
1552576984, 0, 865, 1106, 479, 169, 37.05%, 0, 72, 15, 118.03
1552576989, 0, 867, 1106, 477, 168, 37.05%, 0, 72, 15, 1468.15
1552576994, 0, 868, 1107, 477, 167, 37.05%, 0, 72, 15, 998.82
1552576999, 0, 869, 1110, 479, 168, 37.05%, 0, 72, 15, 1262.59
1552577004, 0, 870, 1113, 481, 169, 37.28%, 0, 72, 15, 161.77
1552577009, 0, 870, 1114, 482, 169, 37.29%, 0, 73, 15, 179.61
1552577019, 0, 873, 1115, 482, 169, 37.29%, 0, 73, 15, 969.58
1552577029, 0, 874, 1118, 484, 168, 37.30%, 0, 74, 15, 23.69
1552577075, 0, 875, 1120, 485, 170, 37.53%, 0, 74, 15, 1235.75
1552577086, 0, 877, 1120, 483, 168, 37.53%, 0, 74, 15, 203.95
1552577096, 0, 878, 1120, 482, 167, 37.53%, 0, 74, 15, 131.36
1552577101, 0, 878, 1122, 484, 167, 37.53%, 0, 74, 15, 116.87
1552577106, 0, 878, 1123, 485, 167, 37.53%, 0, 75, 15, 107.50
1552577126, 0, 878, 1124, 486, 167, 37.59%, 0, 75, 15, 114.18
1552577152, 0, 879, 1124, 485, 169, 37.59%, 0, 75, 15, 920.93
1552577157, 0, 880, 1125, 485, 168, 37.59%, 0, 75, 15, 1166.34
1552577167, 0, 882, 1126, 484, 168, 37.59%, 0, 75, 15, 1227.87
1552577177, 0, 886, 1127, 483, 167, 37.60%, 0, 75, 15, 106.89
1552577187, 0, 887, 1128, 483, 166, 37.60%, 0, 75, 15, 112.36
1552577192, 0, 887, 1129, 484, 166, 37.60%, 0, 75, 15, 109.33
1552577212, 0, 887, 1131, 486, 166, 37.72%, 0, 75, 15, 111.03
1552577217, 0, 887, 1134, 489, 166, 37.73%, 0, 75, 15, 132.11
1552577223, 0, 888, 1135, 489, 170, 37.73%, 0, 75, 15, 118.12
1552577233, 0, 888, 1136, 490, 170, 37.73%, 0, 75, 15, 115.96
1552577238, 0, 889, 1137, 490, 169, 37.74%, 0, 75, 15, 1010.83
1552577243, 0, 891, 1140, 492, 170, 37.82%, 0, 76, 15, 113.11
1552577248, 0, 893, 1141, 492, 171, 37.82%, 0, 76, 15, 1363.78
1552577253, 0, 895, 1141, 491, 170, 37.82%, 0, 76, 15, 138.64
1552577258, 0, 896, 1141, 490, 169, 37.82%, 0, 76, 15, 1283.39
1552577263, 0, 897, 1142, 490, 168, 37.82%, 0, 76, 15, 1329.83
1552577268, 0, 899, 1144, 491, 168, 37.86%, 0, 76, 15, 1309.79
1552577273, 0, 899, 1145, 492, 168, 37.86%, 0, 78, 15, 117.04
1552577279, 0, 900, 1146, 492, 170, 37.86%, 0, 78, 15, 1183.52
1552577284, 0, 902, 1148, 493, 172, 37.91%, 0, 78, 15, 1220.40
1552577289, 0, 903, 1148, 492, 171, 37.91%, 0, 78, 15, 1196.75
1552577294, 0, 903, 1149, 493, 171, 37.92%, 0, 78, 15, 113.14
1552577299, 0, 908, 1150, 493, 171, 37.92%, 0, 78, 15, 109.34
1552577314, 0, 909, 1150, 492, 170, 37.92%, 0, 78, 15, 111.25
1552577319, 0, 909, 1150, 492, 170, 37.92%, 0, 79, 15, 103.31
1552577330, 0, 910, 1150, 491, 169, 37.92%, 0, 79, 15, 108.20
1552577340, 0, 911, 1150, 490, 168, 37.92%, 0, 79, 15, 116.34
1552577350, 0, 914, 1150, 489, 167, 37.92%, 0, 79, 15, 117.87
1552577355, 0, 914, 1153, 492, 167, 37.97%, 0, 79, 15, 111.89
1552577360, 0, 915, 1154, 492, 169, 37.97%, 0, 79, 15, 126.72
1552577370, 0, 917, 1155, 492, 169, 38.17%, 0, 79, 15, 109.45
1552577380, 0, 918, 1156, 492, 168, 38.17%, 0, 79, 15, 120.90
1552577386, 0, 918, 1157, 493, 168, 38.17%, 0, 79, 15, 113.66
1552577401, 0, 918, 1159, 495, 168, 38.18%, 0, 79, 15, 113.40
1552577436, 0, 921, 1159, 494, 170, 38.18%, 0, 79, 15, 118.95
1552577446, 0, 922, 1160, 494, 170, 38.20%, 0, 79, 15, 1138.12
1552577451, 0, 922, 1164, 498, 170, 38.36%, 0, 79, 15, 155.79
1552577457, 0, 923, 1167, 500, 172, 38.37%, 0, 79, 15, 1413.70
1552577462, 0, 923, 1168, 501, 172, 38.38%, 0, 80, 15, 106.74
1552577467, 0, 929, 1176, 508, 174, 38.42%, 0, 80, 15, 1391.51
1552577472, 0, 930, 1182, 513, 182, 38.81%, 0, 80, 15, 924.18
1552577477, 0, 932, 1187, 517, 183, 38.86%, 0, 80, 15, 1402.28
1552577482, 0, 932, 1188, 518, 183, 38.87%, 0, 80, 15, 141.60
1552577487, 0, 933, 1194, 523, 184, 38.91%, 0, 80, 15, 1486.03
1552577492, 0, 934, 1198, 526, 189, 39.09%, 0, 80, 15, 1502.90
1552577497, 0, 936, 1202, 529, 192, 39.13%, 0, 80, 15, 1368.70
1552577502, 0, 936, 1207, 534, 192, 39.35%, 0, 80, 15, 1399.59
1552577507, 0, 937, 1212, 538, 203, 39.38%, 0, 82, 15, 1192.18
1552577512, 0, 941, 1216, 541, 204, 39.39%, 0, 82, 15, 1196.17
1552577517, 0, 942, 1217, 541, 206, 39.40%, 0, 82, 15, 1343.03
1552577522, 0, 946, 1222, 544, 206, 39.45%, 0, 82, 15, 1426.68
1552577528, 0, 946, 1235, 557, 206, 39.49%, 0, 85, 15, 141.62
1552577533, 0, 947, 1244, 565, 222, 39.68%, 0, 85, 15, 1253.33
1552577538, 0, 949, 1245, 565, 222, 39.69%, 0, 85, 15, 1315.52
1552577543, 0, 949, 1255, 575, 222, 39.73%, 0, 85, 15, 1416.43
1552577548, 0, 950, 1255, 574, 228, 39.73%, 0, 85, 15, 116.94
1552577553, 0, 951, 1255, 573, 227, 39.73%, 0, 85, 15, 113.72
1552577563, 0, 953, 1255, 572, 226, 39.73%, 0, 85, 15, 119.81
1552577568, 0, 953, 1256, 573, 226, 39.73%, 0, 85, 15, 121.47
1552577578, 0, 954, 1257, 573, 226, 39.73%, 0, 85, 15, 127.51
1552577584, 0, 954, 1258, 574, 226, 39.74%, 0, 85, 15, 121.78
1552577594, 0, 955, 1259, 574, 227, 39.75%, 0, 85, 15, 129.01
1552577604, 0, 956, 1259, 573, 226, 39.75%, 0, 85, 15, 1171.49
1552577609, 0, 959, 1260, 572, 225, 39.75%, 0, 85, 15, 1276.59
1552577615, 0, 960, 1265, 576, 228, 39.79%, 0, 85, 15, 1200.92
1552577625, 0, 961, 1265, 575, 227, 39.79%, 0, 85, 15, 135.78
1552577630, 0, 961, 1266, 576, 227, 39.79%, 0, 85, 15, 121.03
1552577640, 0, 962, 1267, 576, 227, 39.79%, 0, 85, 15, 120.86
1552577645, 0, 962, 1268, 577, 227, 39.79%, 0, 86, 15, 120.89
1552577650, 0, 962, 1269, 578, 227, 39.80%, 0, 86, 15, 116.69
1552577655, 0, 962, 1270, 579, 227, 39.81%, 0, 86, 15, 112.51
1552577660, 0, 962, 1271, 580, 227, 39.81%, 0, 86, 15, 111.75
1552577665, 0, 962, 1272, 581, 227, 39.81%, 0, 86, 15, 117.86
1552577701, 0, 963, 1273, 581, 230, 39.82%, 0, 86, 15, 100.57
1552577706, 0, 963, 1274, 582, 230, 39.82%, 0, 86, 15, 104.03
