# unix_time, cycles_done, cur_path, paths_total, pending_total, pending_favs, map_size, unique_crashes, unique_hangs, max_depth, execs_per_sec
1549881379, 0, 82, 93, 93, 33, 1.48%, 0, 0, 6, 1623.43
1549881384, 0, 82, 93, 93, 33, 1.48%, 0, 2, 6, 1906.16
1549881394, 0, 82, 94, 94, 33, 1.48%, 0, 3, 6, 1921.42
1549881912, 0, 83, 96, 95, 34, 1.92%, 0, 3, 6, 936.36
1549882520, 0, 84, 96, 94, 33, 1.92%, 0, 3, 6, 1037.40
1549882525, 0, 84, 96, 94, 33, 1.92%, 0, 4, 6, 923.84
1549883090, 0, 85, 96, 93, 32, 1.92%, 0, 4, 6, 988.29
1549883703, 0, 87, 96, 92, 31, 1.92%, 0, 4, 6, 1038.36
1549884083, 0, 87, 97, 93, 31, 1.92%, 0, 4, 6, 1018.02
1549884306, 0, 88, 97, 92, 30, 1.92%, 0, 4, 6, 1027.07
1549884924, 0, 89, 116, 110, 43, 2.36%, 0, 4, 6, 929.34
1549884945, 0, 91, 116, 109, 43, 2.36%, 0, 4, 6, 964.19
1549885563, 0, 94, 116, 108, 42, 2.36%, 0, 4, 6, 980.57
1549886185, 0, 97, 116, 107, 41, 2.36%, 0, 4, 6, 969.88
1549886256, 0, 97, 117, 108, 41, 2.48%, 0, 4, 6, 803.15
1549886413, 0, 97, 118, 109, 41, 2.48%, 0, 4, 6, 833.73
1549886692, 0, 97, 119, 110, 41, 2.49%, 0, 4, 6, 814.17
1549886960, 0, 98, 119, 109, 43, 2.49%, 0, 4, 6, 807.02
1549886985, 0, 98, 120, 110, 43, 2.49%, 0, 4, 6, 809.22
1549887010, 0, 98, 121, 111, 43, 2.51%, 0, 4, 6, 770.92
1549887740, 0, 100, 123, 112, 43, 2.51%, 0, 4, 6, 847.17
1549888476, 0, 102, 123, 111, 42, 2.51%, 0, 4, 6, 886.96
1549889221, 0, 103, 123, 110, 41, 2.51%, 0, 4, 6, 804.37
1549889242, 0, 103, 123, 110, 41, 2.51%, 0, 5, 6, 16.39
1549889598, 0, 103, 123, 110, 41, 2.51%, 0, 6, 6, 832.26
1549891331, 0, 104, 123, 109, 40, 2.51%, 0, 6, 6, 857.40
1549892078, 0, 105, 123, 108, 39, 2.51%, 0, 6, 6, 846.24
1549892104, 0, 105, 123, 108, 39, 2.51%, 0, 7, 6, 785.74
1549892824, 0, 105, 152, 136, 38, 3.93%, 0, 7, 6, 815.40
1549892829, 0, 106, 220, 204, 112, 5.17%, 0, 7, 6, 824.80
1549893570, 0, 107, 220, 203, 111, 5.17%, 0, 7, 6, 868.74
1549894315, 0, 109, 220, 202, 110, 5.17%, 0, 7, 6, 914.26
1549895068, 0, 111, 220, 201, 109, 5.17%, 0, 7, 6, 860.83
1549895820, 0, 113, 220, 200, 108, 5.17%, 0, 7, 6, 858.75
1549896568, 0, 113, 300, 279, 107, 7.52%, 0, 7, 6, 145.26
1549896574, 0, 115, 350, 329, 179, 8.21%, 0, 7, 6, 649.21
1549897340, 0, 116, 350, 328, 178, 8.21%, 0, 7, 6, 847.16
1549898193, 0, 116, 351, 329, 178, 8.21%, 0, 7, 6, 775.55
1549898214, 0, 118, 351, 328, 177, 8.21%, 0, 7, 6, 830.26
1549899028, 0, 120, 351, 327, 176, 8.21%, 0, 7, 6, 780.23
1549899049, 0, 120, 352, 328, 176, 8.21%, 0, 7, 6, 752.93
1549899074, 0, 120, 353, 329, 176, 8.21%, 0, 7, 6, 736.95
1549899836, 0, 123, 353, 328, 175, 8.21%, 0, 7, 6, 766.28
1549899856, 0, 123, 354, 329, 175, 8.26%, 0, 7, 6, 750.37
1549899861, 0, 123, 355, 330, 175, 8.26%, 0, 8, 6, 683.46
1549899886, 0, 123, 357, 332, 175, 8.27%, 0, 8, 6, 741.00
1549900100, 0, 123, 359, 334, 175, 8.29%, 0, 8, 6, 783.43
1549900678, 0, 123, 552, 526, 174, 27.56%, 0, 8, 6, 579.01
1549900683, 0, 123, 831, 805, 174, 34.73%, 0, 8, 6, 560.23
1549900688, 0, 123, 1079, 1053, 174, 37.93%, 0, 8, 6, 558.39
1549900693, 0, 125, 1180, 1154, 775, 38.77%, 0, 8, 6, 624.65
1549901508, 0, 126, 1180, 1153, 774, 38.77%, 0, 8, 6, 763.70
1549901564, 0, 126, 1181, 1154, 774, 38.77%, 0, 8, 6, 790.78
1549902265, 0, 127, 1181, 1153, 773, 38.77%, 0, 8, 6, 831.97
1549903086, 0, 129, 1181, 1152, 772, 38.77%, 0, 8, 6, 784.79
1549903917, 0, 130, 1181, 1151, 771, 38.77%, 0, 8, 6, 635.82
1549904694, 0, 130, 1196, 1165, 770, 40.82%, 0, 8, 6, 166.55
1549904700, 0, 130, 1260, 1229, 770, 48.52%, 0, 8, 6, 194.01
1549904705, 0, 130, 1387, 1356, 770, 56.35%, 0, 8, 6, 72.88
1549904710, 0, 130, 1485, 1454, 770, 59.60%, 0, 8, 6, 337.30
1549904715, 0, 130, 1617, 1586, 770, 62.40%, 0, 8, 6, 299.08
1549904720, 0, 130, 1746, 1715, 770, 64.44%, 0, 8, 6, 299.91
1549904725, 0, 130, 1932, 1901, 770, 65.91%, 0, 8, 6, 339.96
1549904731, 0, 130, 2141, 2110, 770, 67.43%, 0, 8, 6, 390.71
1549904736, 0, 130, 2297, 2266, 770, 68.60%, 0, 8, 6, 328.40
1549904741, 0, 130, 2452, 2421, 770, 69.34%, 0, 8, 6, 301.81
1549904746, 0, 130, 2657, 2626, 770, 70.25%, 0, 8, 6, 379.10
1549904751, 0, 130, 2837, 2806, 770, 71.05%, 0, 8, 6, 375.35
1549904756, 0, 130, 2853, 2822, 770, 71.08%, 0, 8, 6, 318.51
1549904761, 0, 130, 2861, 2830, 770, 71.37%, 0, 8, 6, 400.00
1549904766, 0, 133, 2866, 2835, 1658, 71.38%, 0, 8, 6, 573.66
1549905598, 0, 142, 2866, 2834, 1657, 71.38%, 0, 8, 6, 767.08
1549906369, 0, 144, 2866, 2833, 1656, 71.38%, 0, 8, 6, 759.87
1549907172, 0, 147, 2866, 2832, 1655, 71.38%, 0, 8, 6, 854.51
1549907975, 0, 149, 2866, 2831, 1654, 71.38%, 0, 8, 6, 766.88
1549908733, 0, 149, 2946, 2910, 1653, 72.60%, 0, 8, 6, 163.87
1549908738, 0, 149, 3062, 3026, 1653, 74.61%, 0, 8, 6, 234.20
1549908743, 0, 149, 3206, 3170, 1653, 76.35%, 0, 8, 6, 288.58
1549908748, 0, 149, 3344, 3308, 1653, 77.37%, 0, 8, 6, 266.36
1549908753, 0, 149, 3443, 3407, 1653, 77.87%, 0, 8, 6, 234.88
1549908758, 0, 149, 3647, 3611, 1653, 78.58%, 0, 8, 6, 337.88
1549908763, 0, 149, 3760, 3724, 1653, 79.09%, 0, 8, 6, 306.08
1549908768, 0, 149, 3920, 3884, 1653, 79.74%, 0, 8, 6, 312.71
1549908773, 0, 149, 4021, 3985, 1653, 80.18%, 0, 8, 6, 249.25
1549908779, 0, 149, 4078, 4042, 1653, 80.31%, 0, 8, 6, 245.22
1549908784, 0, 149, 4089, 4053, 1653, 80.35%, 0, 8, 6, 226.78
1549908789, 0, 151, 4093, 4057, 2077, 80.40%, 0, 8, 6, 500.38
1549909607, 0, 153, 4093, 4056, 2076, 80.40%, 0, 8, 6, 842.55
1549910303, 0, 153, 4095, 4058, 2076, 80.40%, 0, 8, 6, 696.18
1549910487, 0, 155, 4095, 4057, 2077, 80.40%, 0, 8, 6, 711.12
1549910512, 0, 155, 4095, 4057, 2077, 80.40%, 0, 9, 6, 570.00
1549911378, 0, 162, 4095, 4056, 2076, 80.40%, 0, 9, 6, 755.21
1549912282, 0, 164, 4095, 4055, 2075, 80.40%, 0, 9, 6, 780.92
1549913172, 0, 164, 4189, 4148, 2074, 81.09%, 0, 9, 6, 198.73
1549913177, 0, 164, 4327, 4286, 2074, 81.86%, 0, 9, 6, 287.52
1549913182, 0, 164, 4490, 4449, 2074, 82.53%, 0, 9, 6, 311.29
1549913187, 0, 164, 4641, 4600, 2074, 83.11%, 0, 9, 6, 324.04
1549913192, 0, 164, 4793, 4752, 2074, 83.50%, 0, 9, 6, 302.62
1549913197, 0, 164, 5002, 4961, 2074, 84.10%, 0, 9, 6, 373.17
1549913202, 0, 164, 5064, 5023, 2074, 84.21%, 0, 9, 6, 360.43
1549913207, 0, 165, 5072, 5031, 2398, 84.27%, 0, 9, 6, 341.25
1549913783, 0, 165, 5074, 5033, 2398, 84.30%, 0, 9, 6, 655.80
1549914088, 0, 167, 5074, 5032, 2394, 84.30%, 0, 9, 6, 772.13
1549914651, 0, 167, 5074, 5032, 2394, 84.30%, 0, 10, 6, 797.88
1549914931, 0, 170, 5074, 5031, 2393, 84.30%, 0, 10, 6, 804.90
1549914987, 0, 170, 5075, 5032, 2393, 84.30%, 0, 10, 6, 711.08
1549915194, 0, 170, 5076, 5033, 2393, 84.30%, 0, 10, 6, 677.86
1549915520, 0, 170, 5077, 5034, 2393, 84.30%, 0, 10, 6, 678.56
1549915825, 0, 176, 5077, 5033, 2393, 84.30%, 0, 10, 6, 764.70
1549916719, 0, 182, 5077, 5032, 2392, 84.30%, 0, 10, 6, 726.40
1549917613, 0, 182, 5113, 5067, 2391, 84.44%, 0, 10, 6, 125.08
1549917618, 0, 182, 5198, 5152, 2391, 84.96%, 0, 10, 6, 190.24
1549917624, 0, 182, 5310, 5264, 2391, 85.75%, 0, 10, 6, 238.15
1549917629, 0, 182, 5456, 5410, 2391, 86.32%, 0, 10, 6, 254.98
1549917634, 0, 182, 5599, 5553, 2391, 86.78%, 0, 10, 6, 264.43
1549917639, 0, 182, 5748, 5702, 2391, 87.15%, 0, 10, 6, 276.77
1549917644, 0, 182, 5807, 5761, 2391, 87.36%, 0, 10, 6, 259.60
1549917649, 0, 185, 5812, 5766, 2555, 87.37%, 0, 10, 6, 482.45
1549918488, 0, 186, 5812, 5765, 2554, 87.37%, 0, 10, 6, 842.70
1549919313, 0, 196, 5812, 5764, 2553, 87.37%, 0, 10, 6, 847.74
